OSSE_CASES <- list(
  list(
    name = 'carbontracker',
    alpha = structure(c(
      -0.0709548364983413, 0.0138995791817601, -0.176992781708973,
      -0.532976107767161, -0.558608923225162, -0.414077309587535, -0.534962595247383,
      -0.891967786832926, -0.646184711741227, -0.299808948821146, -0.0408151567617922,
      -0.330292747987818, -0.0926409097117539, 0.163904623660521, 0.0100138424467902,
      -0.362789296689076, -0.538664606288843, -0.308130744335449, -0.762263626218652,
      -0.956507612698067, -0.787520901258414, -0.32473324828388, -0.130179943866247,
      -0.468514513508244, -0.100245452392646, -0.112655241804142, -0.34490672409458,
      -0.232434704219497, -0.457723452201396, -0.546136851291996, -0.646434744118464,
      -0.447361090396429, -0.213970767953105, 0.044387273096663, -0.486631920068485,
      -0.499987568490064, -0.468188772988213, -0.30146931073439, -0.412467377359227,
      -0.35801766348815, -0.134025460790692, 0.392421916986895, 0.0940096436057956,
      -0.822583089982143, 0.14530195719209, 0.0714301436830454, -0.222814677985162,
      -0.285706100082084, -0.317202007201329, -0.573926086171531, -0.673481587617126,
      -0.326454486966374, -0.0519841823887691, 0.18644362343431, 0.0710113270174153,
      -0.648764289096103, -0.108244604350848, -0.156651945638039, -0.0646963784426509,
      -0.0110255340735384, -0.423535043334842, -0.0801600572391499,
      -0.0072859995031036, -0.451185293767543, -0.020261555208538,
      -0.141385923729647, -0.590516029098282, -0.446477325925914, 0.546598644886993,
      0.142938806928449, -0.251818721222203, -0.0875801185658431, 0.74906124227852,
      -0.0381059117354621, -0.257333505660242, -0.610783819863863,
      0.222243825921539, 0.514754466137145, 0.614101645526392, -0.0196228317812541,
      0.287508825288632, -0.105332521881236, 0.203875948570053, -0.0412323763498036,
      0.0354681669644852, -0.100999191738635, -0.486448270502422, -0.893874015861844,
      -0.289028402832553, 0.655912855479951, -0.0395295646634777, -0.618177926736575,
      0.249927065459814, -0.525928841400038, 0.0554058750330244, 0.491046249402126,
      -0.146106089681605, -0.47996381364087, 0.445219455761731, 0.821677646459159,
      -0.227563365425723, -0.168061111490119, -0.34870220447959, -0.554484671362668,
      -0.153508084250188, -0.476385202470001, -0.349665591040415, 0.64181575714591,
      -0.414009923023495, -0.103242345701433, -0.534634660375999, -0.220212157917486,
      -0.592364099524305, -0.299017971075977, -0.120980934780731, -0.173597358750727,
      -0.561522766067187, -0.656455494743339, 0.260426582588854, -0.210746734047539,
      -0.506802320200228, 0.0406704885988265, -0.147659014302463, 0.857438468591507,
      0.427163477692115, 0.135920362787854, 0.309137583065474, 0.412018073544408,
      -0.519246872083272, -0.396200164813702, -0.63048074785425, -0.520107805868467,
      -0.158056799275319, -0.483099017265828, -0.54941056544797, -0.443797977621989,
      0.365010079198971, 0.231125204498143, -0.425246783189973, 0.136105311779413,
      0.13298215701894, -0.829454478142884, -0.579577187629088, -0.622608937936537,
      -0.0528017606329774, -0.0570484987149465, -0.470101459940465,
      -0.34199308141918, 0.343315728187954, -0.388944356457766, -0.0190967367948864,
      -0.0966928364771212, -0.747108069914768, -0.455555856978664,
      -0.624441902940466, -0.225371015670509, -0.497749040750636, -0.431451195382703,
      -0.683502887876502, -0.429061755301834, -0.423174099361147, -0.194717472852834,
      -0.00637830145705034, -0.567731758195592, 0.0104002689786513,
      -0.0496481470436711, -0.226732777840693, -0.215773850018997,
      -0.612899654488235, -0.516270508076872, -0.651738864888433, -0.586052309856554,
      -0.637425194023803, -0.601682579594195, -0.529261251895065, -0.452037835183231,
      0.0482092178798092, -0.110912664129375, -0.307550989359467, -0.354014121204249,
      -0.666392035677388, -0.773041957927259, -0.903766706795548, -0.831299796533962,
      -0.916487866557078, -0.357467623843374, 0.420823341231534, 0.513468045173018,
      0.126923013471154, 0.130054307029832, -0.0202929798976989, -0.353794001126623,
      -0.343765963746762, -0.45020580307169, -0.602177520005908, 0.194097308635698,
      0.750150461050926, -0.17154489258644, 0.667235417199898, 0.192684026538526,
      0.243994603788567, 0.328713393611272, 0.152552573394369, -0.548833303869741,
      -0.35543494537541, -0.660142331595639, -0.277044559865562, 0.222759293360806,
      0.545777886547091, -0.538670420010195, 0.741503621262195, 0.685984452167806,
      0.652121074449804, 0.195420311885216, 0.245658463135599, -0.246074442038291,
      -0.253831172247556, -0.13275699400639, -0.0717343598303193, -0.474098748684342,
      -0.0964417514940302, -0.128648634276576, -0.390896142009596,
      -0.773822393931603, -0.558547799097109, -0.453526026412584, -0.359861363817061,
      -0.0148562230258221, 0.0876628583270037, -0.245634617660416,
      0.287411114256726, 0.275214339918237, -0.757388193907213, -0.39148743156296,
      -0.715321292991897, -0.143455783942721, -0.624368816721411, -0.299017758293063,
      0.00367419667100672, 0.504124757463683, -0.227575609522778, -0.309334855748506,
      -0.257291254218983, -0.388113534859469, -0.338805392937102, 0.107409147231572,
      -0.332985450950063, 0.0559666399078209, -0.439237115523622, -0.652528183913239,
      -0.55286216250458, -0.806541957711721, -0.483920446210476, -0.563369197974867,
      -0.553019837417733, -0.129397619047655, -1.03978330770547, -1.46505907278653,
      -1.17347270000536, -0.368378991517609, 0.383158214617943, 0.52894968307622,
      -0.522499073020497, -0.907378723723394, -0.487212323531062, -0.786561954281845,
      -0.502786481864827, -0.00180241816357147, -0.100831339939931,
      -0.849957203082507, -1.21978345872298, 0.404934786282676, -0.490187810230059,
      0.131876706379427, 0.0219777712993951, -0.192396323444973, -0.304937544328328,
      -0.265211020946852, 0.0343075265346805, -0.322305666273754, -0.444510370341178,
      -0.593420659275024, -0.541731028807708, -0.780984060464231, -0.524575080973755,
      -0.947171614291257, -0.666459023815249, -0.136652816769675, -0.407543954693516,
      -0.519307192538162, -0.677466180507899, -0.5067328214033, -0.847644981875284,
      -0.456477881521074, -0.194625934293055, -0.50960046185748, -1.03468428556805,
      -0.848713707805557, -0.679682818767391, -0.37161607689093, -0.474656952490974,
      -0.56522502712445, -0.513538175421046, -0.511373444331704, -0.688414335988863,
      -0.778818678836167, -0.764525593010258, -0.76874021301723, -0.0260092245777706,
      -0.579714405488929, -0.259446136343889, 0.247757679455815, -0.0822511504678362,
      -0.209289007670875, -0.264923794102098, -0.28639423015134, -0.413738029835346,
      -0.298791476226969, 0.143186278907091, 0.0724703115454328, 0.1116075868804,
      -0.331863058969667, 0.105547694516324, 0.281107094839788, 0.249492947203709,
      0.242919889578685, 0.285416767852836, -0.291229389357381, -0.0775375734336118,
      -0.426152336102814, -0.252843537097898, 0.0926206940662007, -0.153315425621521,
      -0.311207053207281, -0.0464286374608084, 0.439138235801336, 0.125636979029446,
      -0.152705964048016, -0.2747793437754, -0.131796160191936, -0.106901085842056,
      -0.565114710552932, -1.4698292430455, -1.17405767276145, -0.589157063577079,
      0.68561978216833, 0.031536279065586, -0.106431622227305, 0.613823109241697,
      -0.261647624228374, -0.171624705704877, -0.415953980418667, -0.310661685809163,
      -0.669131899160597, -1.28499741427166, -0.0129439625826435, 0.991308739096251,
      0.87021346058619, 0.487066692115214, 0.0358332562962501, -0.666495970643074,
      -0.189110763772798, -0.410326798061139, -0.281363758472322, -0.305288948529714,
      -0.858138196135676, -1.333587330683, -0.807897141426151, -0.553640584793255,
